1 
1, 18.49, 9.98, 0.45
2, 18.51, 12.00, 0.39
3, 18.51, 14.02, 0.32
4, 18.50, 16.01, 0.27
5, 18.51, 18.00, 0.45
6, 18.50, 19.99, 0.27
7, 18.52, 22.01, 0.25
2 
1, 21.50, 10.03, 0.39
2, 21.48, 12.00, 0.32
3, 21.50, 14.02, 0.45
4, 21.49, 16.02, 0.41
5, 21.50, 18.01, 0.41
6, 21.52, 20.00, 0.50
7, 21.52, 22.01, 0.26
3 
1, 24.50, 10.00, 0.40
2, 24.50, 12.00, 0.32
3, 24.49, 14.00, 0.39
4, 24.49, 16.01, 0.34
5, 24.50, 18.00, 0.34
6, 24.50, 20.01, 0.46
7, 24.51, 22.02, 0.47
4 
1, 27.51, 10.01, 0.23
2, 27.50, 12.01, 0.40
3, 27.51, 13.99, 0.34
4, 27.51, 16.00, 0.22
5, 27.50, 18.03, 0.39
6, 27.50, 20.00, 0.39
7, 27.49, 22.01, 0.36
5 
1, 30.49, 9.98, 0.39
2, 30.49, 12.01, 0.48
3, 30.49, 14.00, 0.26
4, 30.51, 16.00, 0.20
5, 30.51, 18.02, 0.29
6, 30.51, 20.01, 0.46
7, 30.51, 22.01, 0.28
