1 
1, 18.50, 10.01, 0.45
2, 18.50, 12.01, 0.39
3, 18.50, 14.01, 0.32
4, 18.50, 16.01, 0.27
5, 18.50, 18.00, 0.45
6, 18.50, 20.00, 0.28
7, 18.50, 22.01, 0.26
2 
1, 21.50, 10.01, 0.39
2, 21.50, 12.01, 0.33
3, 21.50, 14.01, 0.45
4, 21.50, 16.01, 0.41
5, 21.50, 18.00, 0.41
6, 21.50, 20.00, 0.50
7, 21.50, 22.01, 0.27
3 
1, 24.50, 10.01, 0.40
2, 24.50, 12.01, 0.32
3, 24.50, 14.01, 0.39
4, 24.50, 16.01, 0.34
5, 24.50, 18.00, 0.34
6, 24.50, 20.00, 0.46
7, 24.50, 22.01, 0.47
4 
1, 27.50, 10.01, 0.23
2, 27.50, 12.01, 0.40
3, 27.50, 14.01, 0.34
4, 27.50, 16.01, 0.22
5, 27.50, 18.00, 0.39
6, 27.50, 20.00, 0.39
7, 27.50, 22.01, 0.36
5 
1, 30.50, 10.01, 0.40
2, 30.50, 12.01, 0.48
3, 30.50, 14.01, 0.26
4, 30.50, 16.01, 0.20
5, 30.50, 18.00, 0.29
6, 30.50, 20.00, 0.46
7, 30.50, 22.01, 0.28
